8
16
32959
7267
30290
20304
13934
25455
33505
27795
19182
45855
55268
56339
58739
52339
12192
6136
59542
59919
43421
29165
14250
33163
26283
34671
4175
24595
59955
40164
52511
46756
44846
4812
18008
64502
59475
32452
27085
24739
23933
8783
47642
54748
60146
333
62236
59717
63483
34470
55377
49149
58323
5766
63634
33093
53135
36396
7084
40255
4220
28177
12008
54996
48076
51087
60812
58706
41421
27557
46119
37316
17110
17391
22209
24305
56263
49385
59387
13214
21116
10540
48187
64044
42818
10338
40321
28950
47577
46546
39909
41267
36091
32235
32480
55443
56772
34627
40915
9574
33073
29638
16427
30037
61716
12920
26184
28754
44875
63681
21621
60581
50867
10273
48054
55343
62765
44441
42845
61305
37023
55522
38612
52429
20700
34185
40958
37017
26009
36318
